{
    "playerPos": {
        "x": 27.27822494506836,
        "y": 1.7994638681411744,
        "z": 0.0
    },
    "Hp": 95,
    "maxHp": 100,
    "Mp": 0,
    "maxMp": 100,
    "gold": 0
}