{
    "playerPos": {
        "x": 24.318904876708986,
        "y": 4.780414581298828,
        "z": 0.0
    },
    "Hp": 100,
    "maxHp": 100,
    "Mp": 100,
    "maxMp": 100,
    "gold": 0
}